0000000000000001
0000000000000011
0000000000000111
0000000000001101
0000000000011111
0000000000110001
0000000001110011
0000000011010111
0000000111111101
0000001100000111
0000011100001101
0000110100011111
0001111100110001
0011000101110011
0111001111010111
00000000000000000000110111
00000000000000000001111101
00000000000000000011000111
00000000000000000111001101
00000000000000001101011111
00000000000000011111110001
00000000000000110000010011
00000000000001110000110111
00000000000011010001111101
00000000000111110011000111
00000000001100010111001101
00000000011100111101011111
00000000110101100111110001
00000001111111101100010011
00000011000000111100110111
00000111000001100101111101
00001101000011101111000111
00011111000110111001001101
00110001001111101011011111
01110011011000111111110001
0000000000000000000000000100001
0000000000000000000000001100011
0000000000000000000000011100111
0000000000000000000000110101101
0000000000000000000001111111111
0000000000000000000011000000001
0000000000000000000111000000011
0000000000000000001101000000111
0000000000000000011111000001101
0000000000000000110001000011111
0000000000000001110011000110001
0000000000000011010111001110011
0000000000000111111101011010111
0000000000001100000111111111101
0000000000011100001100000000111
0000000000110100011100000001101
0000000001111100110100000011111
0000000011000101111100000110001
0000000111001111000100001110011
0000001101011001001100011010111
0000011111111011011100111111101
0000110000001111110101100000111
0001110000011000011111100001101
0011010000111000110000100011111
0111110001101001110001100110001
